[1]	0.000000	0.000000	5	0.000000	asserter from 230
[2]	0.000000	0.000000	2	0.000000	is_prepared from 230
[3]	0.000000	0.000000	1	0.000000	new_file_system from 230
[4]	0.000000	0.000000	1	0.000000	on_prepare from 230
[5]	0.000000	0.000000	1	0.000000	on_satisfaction from 230
[6]	0.000000	0.000000	1	0.000000	on_violation from 230
[7]	0.015625	0.000000	1	25.000000	fetch_by_id_test from 230
[8]	0.000000	0.000000	2	0.000000	_invariant from 230
[9]	0.000000	0.000000	1	0.000000	default_create from 230
[10]	0.000000	0.000000	2	0.000000	assert from 230
[11]	0.000000	0.000000	1	0.000000	new_asserter from 230
[12]	0.000000	0.000000	1	0.000000	assert_32 from 230
[13]	0.000000	0.000000	2	0.000000	assert_strings_equal from 230
[14]	0.000000	0.000000	2	0.000000	assert_strings_equal_message from 230
